0 1116 1727 1116 dirt
1727 1116 1727 14 dirt
1727 14 1713 28 rough
1713 28 1698 1078 rough
H 1698 1078 1480 1079 rough
1480 1079 1378 777 rough
1378 777 1260 706 rough
1260 706 1171 712 rough
1171 712 1124 750 rough
1124 750 946 767 rough
946 767 756 718 rough
756 718 679 500 rough
679 500 632 439 rough
632 439 538 418 rough
538 418 432 449 rough
432 449 364 504 rough
364 504 262 483 rough
262 483 193 303 rough
193 303 142 70 rough
T 142 70 63 70 rough
63 70 0 9 rough
0 9 0 1116 dirt
: imagepixs dirtfill

SPRITE_CACHED
