0 0 0 1116 grass
0 1116 1727 1116 grass
1727 1116 1727 0 grass
1727 0 1705 25 grass
1705 25 1703 1092 grass
1703 1092 15 1093 grass
15 1093 13 20 grass
13 20 0 0 grass
: colordev 207 163 0 255 14 1
5 1107 145 1103 grass
145 1103 132 1085 grass
T 132 1085 7 1084 grass
7 1084 5 1107 grass
: colordev 207 163 0 255 14 1
279 750 296 772 metal
296 772 326 758 metal
326 758 362 788 metal
362 788 404 811 metal
404 811 442 814 metal
442 814 444.535 844.7 metal
444.535 844.7 469.498 849.07 metal
469.498 849.07 472 813 metal
472 813 531 812 metal
531 812 587 807 metal
587 807 586 849 metal
586 849 619 847 metal
619 847 616 804 metal
616 804 668 794 metal
668 794 709 786 metal
709 786 726 763 metal
726 763 743 723 metal
743 723 760 731 metal
760 731 771 813 metal
771 813 805.87 817.827 metal
805.87 817.827 805 766 metal
805 766 778 672 metal
778 672 749 660 metal
749 660 728 678 metal
728 678 714.989 699.508 metal
714.989 699.508 695 746 metal
695 746 669.966 751.584 metal
669.966 751.584 644.542 756.454 metal
644.542 756.454 618.73 760.612 metal
618.73 760.612 592.53 764.058 metal
592.53 764.058 565.94 766.79 metal
565.94 766.79 538.962 768.81 metal
538.962 768.81 511.594 770.116 metal
511.594 770.116 483.838 770.71 metal
483.838 770.71 455.694 770.592 metal
455.694 770.592 430.35 769.888 metal
430.35 769.888 394 766 metal
394 766 339 722 metal
339 722 314.112 723.442 metal
314.112 723.442 279 750 metal
: colordev 220 220 220 255 8 1
927 490 951.521 495.518 grass
951.521 495.518 977.081 497.198 grass
977.081 497.198 1013 494 grass
1013 494 1036.95 484.779 grass
1036.95 484.779 1061.69 474.562 grass
1061.69 474.562 1085.18 464.109 grass
1085.18 464.109 1109.08 452.587 grass
1109.08 452.587 1131.52 440.791 grass
1131.52 440.791 1153.96 427.847 grass
1153.96 427.847 1180 411 grass
1180 411 1167 385 grass
1167 385 733 386 grass
733 386 718 405 grass
718 405 927 490 grass
: colordev 207 163 0 255 14 1
934 154 1478 276 grass
1478 276 1497.57 292.637 grass
1497.57 292.637 1515.96 309.907 grass
1515.96 309.907 1534.55 329.332 grass
1534.55 329.332 1551.75 349.5 grass
1551.75 349.5 1567.57 370.412 grass
1567.57 370.412 1582 392.067 grass
1582 392.067 1605 434 grass
1605 434 1656 761 grass
1656 761 1673.19 780.25 grass
1673.19 780.25 1696.45 789.582 grass
1696.45 789.582 1727 775 grass
1727 775 1727 53 grass
1727 53 1589 44 grass
1589 44 1570.09 60.7728 grass
1570.09 60.7728 1549.61 76.0608 grass
1549.61 76.0608 1527.88 89.9648 grass
1527.88 89.9648 1482 114 grass
1482 114 1330 134 grass
H 1330 134 1127 132 grass
1127 132 965 87 grass
965 87 923 114 grass
923 114 934 154 grass
: colordev 207 163 0 255 14 1
278 468 263 489 metal
263 489 394 541 metal
394 541 513 490 metal
513 490 495 463 metal
495 463 389 506 metal
389 506 278 468 metal
: colordev 207 163 0 255 14 1

SPRITE_CACHED
