85 1054 35 38
35 38 0 17
0 17 0 1116
0 1116 1727 1116
1727 1116 1727 0
1727 0 1696 35
1696 35 1607 1082
1607 1082 157 1079
157 1079 146 1054
T 146 1054 85 1054
:
64 867 290 608
290 608 315.683 604.536
315.683 604.536 341.253 601.704
341.253 601.704 366.71 599.503
366.71 599.503 392.053 597.934
392.053 597.934 417.283 596.997
417.283 596.997 442.399 596.692
442.399 596.692 467.402 597.019
467.402 597.019 495.05 598.123
495.05 598.123 522.558 600.007
522.558 600.007 569 605
569 605 812 891
812 891 839.659 893.368
839.659 893.368 866.475 895.072
866.475 895.072 892.449 896.111
892.449 896.111 917.581 896.486
917.581 896.486 944.517 896.124
944.517 896.124 970.413 894.942
970.413 894.942 997.697 892.695
997.697 892.695 1023.72 889.456
1023.72 889.456 1072 880
1072 880 1086.69 858.735
1086.69 858.735 1095.99 834.838
1095.99 834.838 1098.14 809.226
1098.14 809.226 1089 774
1089 774 1057 742
1057 742 862 737
862 737 806 645
806 645 813.33 620.962
813.33 620.962 824.403 597.164
824.403 597.164 838.806 575.392
838.806 575.392 856.539 555.644
856.539 555.644 876.095 539.041
876.095 539.041 922 512
922 512 1307 366
1307 366 1309 275
1309 275 926 254
926 254 737 346
737 346 484 248
484 248 371 252
371 252 249 321
249 321 18 316
18 316 12 862
12 862 64 867
:
1703 1089 1713 535
1713 535 1332 523
1332 523 1287 572
1287 572 1088 561
1088 561 1082 613
1082 613 1282 702
1282 702 1305.22 692.27
1305.22 692.27 1349 708
1349 708 1377 809
1377 809 1409 841
1409 841 1423 812
1423 812 1418.48 786.157
1418.48 786.157 1415.29 759.233
1415.29 759.233 1413.92 733.635
1413.92 733.635 1414.48 707.398
1414.48 707.398 1417.46 680.882
1417.46 680.882 1422.91 656.17
1422.91 656.17 1438 618
1438 618 1611 635
1611 635 1612.19 661.225
1612.19 661.225 1613.16 687.1
1613.16 687.1 1613.91 712.625
1613.91 712.625 1614.44 737.8
1614.44 737.8 1614.79 767.548
1614.79 767.548 1614.81 796.792
1614.81 796.792 1614.53 825.532
1614.53 825.532 1613.92 853.768
1613.92 853.768 1613 881.5
1613 881.5 1611.76 908.728
1611.76 908.728 1610.21 935.452
1610.21 935.452 1608.33 961.672
1608.33 961.672 1606.15 987.388
1606.15 987.388 1603.64 1012.6
1603.64 1012.6 1600.32 1041.38
1600.32 1041.38 1593 1093
1593 1093 1703 1089
:
164 329 153 283
H 153 283 35 284
35 284 29 332
29 332 164 329
:

SPRITE_CACHED
