T 729 548 622 548
622 548 547 463
547 463 419 459
419 459 309 351
309 351 166 351
166 351 166 401
166 401 191.18 403.83
191.18 403.83 216.522 409.322
216.522 409.322 241.352 418.157
241.352 418.157 264.937 431.075
264.937 431.075 285.074 447.474
285.074 447.474 301.763 467.355
301.763 467.355 315.005 490.717
315.005 490.717 326 522
326 522 354.147 519.652
354.147 519.652 380.628 519.049
380.628 519.049 408.852 520.495
408.852 520.495 434.9 524.22
434.9 524.22 461.603 531.134
461.603 531.134 485.552 540.931
485.552 540.931 508.932 555.199
508.932 555.199 528.912 573.027
528.912 573.027 545.492 594.415
545.492 594.415 557.507 616.708
557.507 616.708 570 654
570 654 1341 691
1341 691 1376 664
1376 664 1380 570
1380 570 1353 566
1353 566 1336 582
1336 582 998 579
998 579 981 558
H 981 558 917 554
917 554 909.757 526.129
909.757 526.129 904.251 500.029
904.251 500.029 899.591 469.696
899.591 469.696 897.138 441.674
897.138 441.674 896.61 415.71
896.61 415.71 898.121 386.912
898.121 386.912 901.509 360.273
901.509 360.273 906.288 335.356
906.288 335.356 912.973 307.878
912.973 307.878 920.113 281.45
920.113 281.45 926.936 255.379
926.936 255.379 932.667 228.967
932.667 228.967 936.534 201.521
936.534 201.521 937.761 172.343
937.761 172.343 936.126 145.428
936.126 145.428 925 90

925 90 925 0
925 0 0 0
0 0 0 1200
0 1200 1740 1200
1740 1200 1740 0
1740 0 952 0

952 0	952.686 83.0816

952.686 83.0816 980.546 76.7264
980.546 76.7264 1008.58 70.9344
1008.58 70.9344 1036.78 65.7056
1036.78 65.7056 1065.16 61.04
1065.16 61.04 1093.71 56.9376
1093.71 56.9376 1122.43 53.3984
1122.43 53.3984 1151.33 50.4224
1151.33 50.4224 1180.4 48.0096
1180.4 48.0096 1209.64 46.16
1209.64 46.16 1239.05 44.8736
1239.05 44.8736 1268.64 44.1504
1268.64 44.1504 1298.4 43.9904
1298.4 43.9904 1328.33 44.3936
1328.33 44.3936 1358.44 45.36
1358.44 45.36 1388.72 46.8896
1388.72 46.8896 1419.17 48.9824
1419.17 48.9824 1449.79 51.6384
1449.79 51.6384 1480.59 54.8576
1480.59 54.8576 1511.56 58.64
1511.56 58.64 1542.7 62.9856
1542.7 62.9856 1574.02 67.8944
1574.02 67.8944 1605.51 73.3664
1605.51 73.3664 1637.17 79.4016
1637.17 79.4016 1669 86
1669 86 1658 863
1658 863 1395 863
1395 863 1335 839
1335 839 1290 908
1290 908 1202 854
1202 854 1151 858
1151 858 1127 880
1127 880 1058 868
1058 868 981 820
981 820 963 789
963 789 903 804
903 804 887 827
887 827 891 864
891 864 832 923
832 923 773 912
773 912 721 937
721 937 656 963
656 963 603 928
603 928 602 865
602 865 618 839
618 839 629 786
629 786 610 759
610 759 523 759
523 759 480 771
480 771 435 715
435 715 402 708
402 708 359 740
359 740 425 810
425 810 313 844
313 844 251 837
251 837 230 782
230 782 41 775
41 775 37 175
37 175 79 126
79 126 202 72
202 72 366 48
366 48 718 31
718 31 780 78
780 78 795 131
795 131 752 173
752 173 745 219
745 219 790 292
790 292 789 360
789 360 745 415
745 415 729 548
:

SPRITE_CACHED
