T 972 279 983 624 grass
983 624 982.639 650.243 grass
982.639 650.243 978.066 679.918 grass
978.066 679.918 969.377 706.134 grass
969.377 706.134 957.068 728.911 grass
957.068 728.911 938.219 751.734 grass
938.219 751.734 915.729 769.67 grass
915.729 769.67 890.458 782.755 grass
890.458 782.755 863.264 791.022 grass
863.264 791.022 835.003 794.507 grass
835.003 794.507 806.535 793.245 grass
806.535 793.245 778.717 787.271 grass
778.717 787.271 752.407 776.62 grass
752.407 776.62 728.463 761.326 grass
728.463 761.326 707.744 741.426 grass
707.744 741.426 691.106 716.954 grass
691.106 716.954 680.978 693.093 grass
680.978 693.093 674.777 666.102 grass
674.777 666.102 673 636 grass
673 636 657 297 grass
H 657 297 472 276 grass
472 276 306 940 grass
306 940 1257 913 grass
1257 913 1153 292 grass
1153 292 972 279 grass
: colordev 207 163 0 255 14 1

SPRITE_CACHED
