1609 1116 1605 1083
1605 1083 409 1084
409 1084 383 1079
383 1079 363 1067
363 1067 348 1049
348 1049 339 1024
339 1024 337 998
337 998 341 972
341 972 350 950
350 950 363 934
363 934 382 925
382 925 402 921
402 921 424 923
424 923 439 930
439 930 449 942
449 942 456 959
456 959 458 979
458 979 454 998
454 998 442 1014
442 1014 423 1024
423 1024 398 1029
398 1029 386 1007
386 1007 367 1012
367 1012 383 1043
383 1043 436 1042
436 1042 473 1010
473 1010 476 940
476 940 439 899
439 899 371 896
371 896 329 928
329 928 311 1001
311 1001 328 1068
328 1068 384 1116
384 1116 1609 1116
:
1044 1028 813 1024
813 1024 721 999
721 999 635 938
635 938 602 855
602 855 601 763
601 763 635 689
635 689 704 641
704 641 781 628
781 628 858 633
858 633 917 662
917 662 952 703
952 703 970 780
970 780 967 852
967 852 1003 852
1003 852 1007 740
1007 740 941 625
941 625 828 584
828 584 680 598
680 598 575 701
575 701 567 866
567 866 630 995
630 995 800 1046
800 1046 1044 1050
1044 1050 1044 1028
:

SPRITE_CACHED
