368.497 572.56 385.781 550.012 brick
385.781 550.012 404.623 531.49 brick
404.623 531.49 427.875 514.625 brick
427.875 514.625 451.7 502.479 brick
451.7 502.479 478.562 493.85 brick
478.562 493.85 503.84 490.238 brick
503.84 490.238 528.834 491.41 brick
528.834 491.41 561 507 brick
561 507 587 482 brick
587 482 577.974 457.526 brick
577.974 457.526 578.127 431.334 brick
578.127 431.334 583.132 403.739 brick
583.132 403.739 591.557 377.431 brick
591.557 377.431 602.073 354.015 brick
602.073 354.015 615.585 331.062 brick
615.585 331.062 632.153 309.369 brick
632.153 309.369 651.837 289.732 brick
651.837 289.732 674.697 272.948 brick
674.697 272.948 700.791 259.813 brick
700.791 259.813 725.779 252.062 brick
725.779 252.062 778 248 brick
778 248 803.745 249.362 brick
803.745 249.362 832.15 254.354 brick
832.15 254.354 857.889 262.611 brick
857.889 262.611 881.017 273.71 brick
881.017 273.71 904.774 289.688 brick
904.774 289.688 925.138 308.288 brick
925.138 308.288 942.195 328.84 brick
942.195 328.84 956.033 350.672 brick
956.033 350.672 968.016 376.331 brick
968.016 376.331 976 401 brick
976 401 980.479 428.927 brick
980.479 428.927 970 483 brick
970 483 992 507 brick
992 507 1017.47 505.153 brick
1017.47 505.153 1042.59 505.288 brick
1042.59 505.288 1069.99 508.154 brick
1069.99 508.154 1095.06 513.936 brick
1095.06 513.936 1119.74 523.612 brick
1119.74 523.612 1142.99 537.999 brick
1142.99 537.999 1161.34 555.096 brick
1161.34 555.096 1177.13 576.973 brick
1177.13 576.973 1188.08 599.945 brick
1188.08 599.945 1196.2 627.175 brick
1196.2 627.175 1200.49 653.37 brick
1200.49 653.37 1202.25 682.961 brick
1202.25 682.961 1201.67 709.213 brick
1201.67 709.213 1196 761 brick
1196 761 1540 776 brick
1540 776 1521 583 brick
1521 583 1432 587 rough
1432 587 1427 409 brick
1427 409 1354 415 rough
1354 415 1429 168 brick
1429 168 1395 135 rough
1395 135 1335 136 rough
1335 136 1282 138 metal
1282 138 1168 123 metal
1168 123 1090 116 metal
1090 116 1016 130 metal
1016 130 950 127 metal
950 127 895 107 metal
895 107 820 101 metal
820 101 761 113 metal
761 113 721 132 metal
721 132 671 141 metal
671 141 610 118 metal
610 118 558 90 metal
558 90 537 92 metal
537 92 397 359 brick
397 359 395 462 brick
395 462 297 460 brick
297 460 269 678 brick
269 678 96 677 brick
96 677 76 656 brick
H 76 656 0 657 brick
0 657 0 770 brick
0 770 260 769 brick
260 769 324 763 brick
324 763 324.08 730.755 brick
324.08 730.755 326.135 700.93 brick
326.135 700.93 330.011 673.448 brick
330.011 673.448 335.551 648.233 brick
335.551 648.233 344.58 619.785 brick
344.58 619.785 355.663 594.61 brick
355.663 594.61 368.497 572.56 brick
: imagepixs brickfill
1704.36 172.646 1705.95 147.055 metal
1705.95 147.055 1708.53 121.108 metal
1708.53 121.108 1714 83 metal
1714 83 1687 95 metal
1687 95 1681.22 119.897 metal
1681.22 119.897 1676.86 144.907 metal
1676.86 144.907 1673.9 170.03 metal
1673.9 170.03 1672.36 195.267 metal
1672.36 195.267 1672.22 220.617 metal
1672.22 220.617 1673.49 246.081 metal
1673.49 246.081 1676.17 271.658 metal
1676.17 271.658 1680.26 297.349 metal
1680.26 297.349 1685.76 323.153 metal
1685.76 323.153 1692.67 349.07 metal
1692.67 349.07 1702 378 metal
1702 378 1725 357 metal
1725 357 1718.41 331.58 metal
1718.41 331.58 1713.04 305.72 metal
1713.04 305.72 1708.89 279.42 metal
1708.89 279.42 1705.96 252.68 metal
1705.96 252.68 1704.25 225.5 metal
1704.25 225.5 1703.76 197.88 metal
1703.76 197.88 1704.36 172.646 metal
: colordev 120 120 120 255 10 1
1558 464 1587 443 stones
1587 443 1602 400 stones
1602 400 1578 384 stones
1578 384 1536 398 stones
1536 398 1489 420 stones
1489 420 1501 453 stones
1501 453 1558 464 stones
: imagepixs rockwall
905 593 868 650 stones
868 650 847 577 stones
847 577 784 550 stones
784 550 792 612 stones
792 612 734 585 stones
734 585 684 586 stones
684 586 715 638 stones
715 638 637 637 stones
637 637 610 661 stones
610 661 668 687 stones
668 687 570 706 stones
570 706 600 738 stones
600 738 558 784 stones
558 784 518 759 stones
518 759 481 772 stones
481 772 503 834 stones
503 834 435 917 stones
435 917 409.819 915.158 grass
409.819 915.158 383.151 913.434 grass
383.151 913.434 357.863 912.05 grass
357.863 912.05 331.64 910.92 grass
331.64 910.92 304.938 910.157 grass
304.938 910.157 278.253 909.883 grass
278.253 909.883 252.123 910.23 grass
252.123 910.23 218 912 grass
218 912 193.062 916.301 grass
193.062 916.301 167.558 921.832 grass
167.558 921.832 142.253 928.549 grass
142.253 928.549 117.728 936.212 grass
117.728 936.212 92.3186 945.034 grass
92.3186 945.034 68.3855 953.219 grass
68.3855 953.219 43.4159 959.547 grass
T 43.4159 959.547 0 958 grass
0 958 0 1116 stones
0 1116 1727 1116 stones
1727 1116 1727 949 stones
1727 949 1667 949 grass
1667 949 1529 917 grass
1529 917 1371 926 grass
1371 926 1220 976 grass
1220 976 1049 859 stones
1049 859 1071 801 stones
1071 801 1040 755 stones
1040 755 991 806 stones
991 806 998 724 stones
998 724 973 669 stones
973 669 927 713 stones
927 713 940 640 stones
940 640 905 593 stones
: imagepixs rockwall
0 373 298 359 stones
298 359 313 285 stones
313 285 389 240 stones
389 240 435 208 stones
435 208 482 119 stones
482 119 456 123 grass
456 123 400 180 grass
400 180 278 235 grass
278 235 148 248 grass
148 248 28 247 sand
28 247 29 161 stones
29 161 0 161 stones
0 161 0 373 stones
: imagepixs rockwall
1367 4 1306 0 stones
1306 0 1325 95 stones
1325 95 1350 93 stones
1350 93 1367 4 stones
: colordev 207 163 0 255 14 1
