265 208 262 147 grass
262 147 210 150 grass
210 150 209 43 grass
T 209 43 132 44 grass
132 44 125 87 grass
125 87 80 92 grass
80 92 68 266 grass
68 266 22 265 grass
22 265 22 330 grass
22 330 151 328 grass
151 328 160 258 grass
160 258 360 264 grass
360 264 357 210 grass
357 210 265 208 grass
: imagepixs dirtfill
513 512 723 507 grass
723 507 720 442 grass
720 442 810 439 grass
810 439 808 275 grass
808 275 755 275 grass
755 275 754 322 grass
754 322 699 318 grass
699 318 697 363 grass
697 363 567 368 grass
567 368 555 285 grass
555 285 505 285 grass
505 285 496 247 grass
496 247 448 248 grass
448 248 439 358 grass
439 358 373 355 grass
373 355 371 322 grass
371 322 286 325 grass
286 325 277 413 grass
277 413 228 413 grass
228 413 224 474 grass
224 474 145 474 grass
145 474 142 562 grass
142 562 331 555 grass
331 555 328 503 grass
328 503 447 499 grass
447 499 451 457 grass
451 457 519 455 grass
519 455 513 512 grass
: imagepixs dirtfill
1055 341 986 329 grass
986 329 978 248 grass
978 248 914 244 grass
914 244 914 369 grass
914 369 853 357 grass
853 357 853 427 grass
853 427 1020 425 grass
1020 425 1011 557 grass
1011 557 923 560 grass
923 560 912 503 grass
912 503 868 501 grass
868 501 864 542 grass
864 542 795 550 grass
795 550 788 610 grass
788 610 726 606 grass
726 606 730 691 grass
730 691 837 691 grass
837 691 835 645 grass
835 645 1099 647 grass
1099 647 1092 596 grass
1092 596 1057 586 grass
1057 586 1057 506 grass
1057 506 1135 490 grass
1135 490 1131 422 grass
1131 422 1210 428 grass
1210 428 1207 376 grass
1207 376 1265 375 grass
1265 375 1259 321 grass
1259 321 1199 316 grass
1199 316 1195 280 grass
1195 280 1130 275 grass
1130 275 1128 248 grass
1128 248 1052 242 grass
1052 242 1055 341 grass
: imagepixs dirtfill
604 899 730 894 grass
730 894 729 843 grass
729 843 786 841 grass
786 841 781 796 grass
781 796 899 783 grass
899 783 890 746 grass
890 746 750 743 grass
750 743 747 774 grass
747 774 686 776 grass
686 776 685 733 grass
685 733 643 728 grass
643 728 641 649 grass
641 649 673 644 grass
673 644 667 592 grass
667 592 536 592 grass
536 592 536 643 grass
536 643 562 651 grass
562 651 558 711 grass
558 711 471 706 grass
471 706 468 672 grass
468 672 407 672 grass
407 672 410 747 grass
410 747 583 842 grass
583 842 609 841 grass
609 841 604 899 grass
: imagepixs dirtfill
1313 924 1304 804 grass
1304 804 1407 791 grass
1407 791 1403 661 grass
1403 661 1356 650 grass
1356 650 1357 617 grass
1357 617 1394 606 grass
1394 606 1384 489 grass
1384 489 1315 491 grass
1315 491 1309 554 grass
1309 554 1189 548 grass
1189 548 1187 584 grass
1187 584 1316 590 grass
1316 590 1310 684 grass
1310 684 1224 675 grass
1224 675 1223 646 grass
1223 646 1161 646 grass
1161 646 1153 736 grass
1153 736 1054 732 grass
1054 732 1052 693 grass
1052 693 1000 690 grass
1000 690 999 763 grass
999 763 1042 803 grass
1042 803 1047 849 grass
1047 849 921 846 grass
921 846 934 900 grass
934 900 1078 900 grass
1078 900 1076 874 grass
1076 874 1125 872 grass
1125 872 1125 925 grass
1125 925 1313 924 grass
: imagepixs dirtfill
295 1013 293 967 grass
293 967 318 966 grass
318 966 306 914 grass
306 914 239 913 grass
239 913 236 871 grass
236 871 174 871 grass
174 871 171 890 grass
171 890 115 889 grass
115 889 111 766 grass
111 766 163 758 grass
163 758 163 724 grass
163 724 203 719 grass
203 719 199 659 grass
199 659 81 658 grass
81 658 75 687 grass
75 687 30 685 grass
30 685 26 406 grass
26 406 0 402 grass
0 402 0 1116 grass
0 1116 1727 1116 grass
1727 1116 1727 892 grass
1727 892 1663 892 grass
1663 892 1662 1076 grass
1662 1076 1601 1073 grass
1601 1073 1590 1016 grass
1590 1016 1470 1045 grass
1470 1045 1436 1000 grass
1436 1000 1306 1052 grass
1306 1052 1264 1013 grass
H 1264 1013 1122 1040 grass
1122 1040 1083 1017 grass
1083 1017 1036 1054 grass
1036 1054 1000 994 grass
1000 994 857 1054 grass
857 1054 772 1019 grass
772 1019 655 1065 grass
655 1065 579 1023 grass
579 1023 493 1071 grass
493 1071 419 1065 grass
419 1065 419 1015 grass
419 1015 295 1013 grass
: imagepixs dirtfill
1369 885 1565 880 grass
1565 880 1555 721 grass
1555 721 1674 715 grass
1674 715 1665 448 grass
1665 448 1539 448 grass
1539 448 1537 499 grass
1537 499 1610 498 grass
1610 498 1617 606 grass
1617 606 1520 613 grass
1520 613 1438 837 grass
1438 837 1366 831 grass
1366 831 1369 885 grass
: imagepixs dirtfill
1445 354 1496 405 grass
1496 405 1583 402 grass
1583 402 1577 333 grass
1577 333 1518 330 grass
1518 330 1436 233 grass
1436 233 1379 340 grass
1379 340 1316 343 grass
1316 343 1323 419 grass
1323 419 1399 417 grass
1399 417 1445 354 grass
: imagepixs dirtfill
674 90 779 95 grass
779 95 780 144 grass
780 144 910 143 grass
910 143 910 67 grass
910 67 993 68 grass
993 68 997 89 grass
997 89 1048 90 grass
1048 90 1051 114 grass
1051 114 1145 114 grass
1145 114 1139 49 grass
1139 49 1098 51 grass
1098 51 1095 10 grass
1095 10 1064 0 grass
1064 0 474 0 grass
474 0 581 58 grass
581 58 674 55 grass
674 55 674 90 grass
: imagepixs dirtfill

SPRITE_CACHED
