518 1116 517 822 brick
517 822 519.072 795.421 brick
519.072 795.421 527.772 771.968 brick
527.772 771.968 544.843 752.328 brick
544.843 752.328 568.36 741.601 brick
568.36 741.601 593.555 741.935 brick
593.555 741.935 616.792 753.421 brick
616.792 753.421 633.356 774.003 brick
633.356 774.003 643 823 brick
643 823 607 844 brick
607 844 599 1116 brick
599 1116 727 1116 brick
727 1116 701 836 brick
701 836 680 815 brick
680 815 681.245 788.893 brick
681.245 788.893 685.565 762.536 brick
685.565 762.536 693.69 737.869 brick
693.69 737.869 707.565 715.303 brick
707.565 715.303 727.8 700.501 brick
727.8 700.501 753.258 700.409 brick
753.258 700.409 773.868 715.278 brick
773.868 715.278 788.319 738.36 brick
788.319 738.36 797.077 763.906 brick
797.077 763.906 804 819 brick
804 819 779 837 brick
779 837 779 1116 brick
779 1116 890 1116 brick
890 1116 880 923 brick
880 923 880.159 890.982 brick
880.159 890.982 882.005 860.985 brick
882.005 860.985 885.434 833.004 brick
885.434 833.004 890.339 807.037 brick
890.339 807.037 898.995 775.538 brick
898.995 775.538 909.84 747.6 brick
909.84 747.6 922.624 723.214 brick
922.624 723.214 937.098 702.371 brick
937.098 702.371 957.185 681.284 brick
957.185 681.284 979.036 665.698 brick
979.036 665.698 1002.16 655.595 brick
1002.16 655.595 1030.91 650.681 brick
1030.91 650.681 1059.95 653.603 brick
1059.95 653.603 1083.76 662 brick
1083.76 662 1106.7 675.797 brick
1106.7 675.797 1128.29 694.975 brick
1128.29 694.975 1148.03 719.516 brick
1148.03 719.516 1162.17 742.997 brick
1162.17 742.997 1174.56 769.888 brick
1174.56 769.888 1184.97 800.18 brick
1184.97 800.18 1191.31 825.125 brick
1191.31 825.125 1196.29 851.974 brick
1196.29 851.974 1199.8 880.722 brick
1199.8 880.722 1202 922 brick
1202 922 1200 1116 brick
1200 1116 1373 1116 brick
1373 1116 1348 869 brick
1348 869 1309 843 brick
1309 843 1253 528 brick
1253 528 1123 531 logs
1123 531 1109 349 brick
1109 349 1125 323 brick
1125 323 1116 272 brick
1116 272 1062 272 brick
1062 272 1061 311 brick
H 1061 311 990 313 brick
990 313 989 270 brick
989 270 916 271 brick
916 271 915 314 brick
915 314 847 317 brick
847 317 845 273 brick
845 273 782 269 brick
782 269 786 324 brick
786 324 810 359 brick
810 359 818 551 brick
T 818 551 541 545 logs
541 545 394 667 logs
394 667 347 1116 brick
347 1116 518 1116 brick
: imagepixs brickfill

SPRITE_CACHED
