839.434 801.502 814.513 799.06 grass
814.513 799.06 775 797 grass
775 797 749.11 797.773 grass
749.11 797.773 723.04 799.49 grass
723.04 799.49 696.79 802.153 grass
696.79 802.153 670.36 805.76 grass
670.36 805.76 645.53 809.98 grass
645.53 809.98 599 820 grass
599 820 572.783 825.928 grass
572.783 825.928 547.087 833.825 grass
547.087 833.825 521.959 842.719 grass
521.959 842.719 497.45 851.639 grass
497.45 851.639 473.609 859.613 grass
473.609 859.613 425 869 grass
425 869 399.064 870.828 grass
399.064 870.828 372.774 871.834 grass
372.774 871.834 346.132 872.016 grass
346.132 872.016 321.078 871.448 grass
321.078 871.448 295.718 870.17 grass
295.718 870.17 270.055 868.182 grass
270.055 868.182 232 863 grass
232 863 286 127 grass
286 127 193 129 grass
193 129 187 999 grass
187 999 1712 1002 grass
1712 1002 1704 108 grass
1704 108 1657 107 grass
1657 107 1636 862 grass
1636 862 1589 888 grass
T 1589 888 1467 889 grass
H 1467 889 1179 885 grass
1179 885 1152.51 880.377 grass
1152.51 880.377 1126.59 875.349 grass
1126.59 875.349 1101.25 869.915 grass
1101.25 869.915 1076.48 864.075 grass
1076.48 864.075 1050.45 857.333 grass
1050.45 857.333 1025.08 850.12 grass
1025.08 850.12 990 839 grass
990 839 966.418 830.158 grass
966.418 830.158 942.23 822.354 grass
942.23 822.354 917.438 815.586 grass
917.438 815.586 892.042 809.854 grass
892.042 809.854 866.04 805.16 grass
866.04 805.16 839.434 801.502 grass
: imagepixs marblefill
786.856 356.728 773.23 333.676 grass
773.23 333.676 763.202 307.341 grass
763.202 307.341 757.286 277.768 grass
757.286 277.768 756 245 grass
756 245 685 242 grass
685 242 690 503 grass
690 503 1148 533 grass
1148 533 1154 101 grass
1154 101 1081 104 grass
1081 104 1073 243 grass
1073 243 1072.59 271.713 grass
1072.59 271.713 1069.13 297.865 grass
1069.13 297.865 1060.92 326.991 grass
1060.92 326.991 1048.88 352.197 grass
1048.88 352.197 1033.52 373.528 grass
1033.52 373.528 1015.36 391.026 grass
1015.36 391.026 990.595 407.03 grass
990.595 407.03 963.432 417.656 grass
963.432 417.656 934.761 422.982 grass
934.761 422.982 905.474 423.083 grass
905.474 423.083 876.463 418.037 grass
876.463 418.037 848.619 407.919 grass
848.619 407.919 822.834 392.807 grass
822.834 392.807 803.562 376.453 grass
803.562 376.453 786.856 356.728 grass
: imagepixs dirtfill

SPRITE_CACHED
