30 129 200 127 grass
200 127 189 64 grass
189 64 0 0 grass
0 0 0 1116 grass
0 1116 587 1116 grass
587 1116 661 706 stones
661 706 667.721 678.754 stones
667.721 678.754 677.176 654.594 stones
677.176 654.594 691.695 629.626 stones
691.695 629.626 709.167 608.992 stones
709.167 608.992 729.057 592.632 stones
729.057 592.632 754.602 578.868 stones
754.602 578.868 781.855 570.746 stones
781.855 570.746 809.964 568.171 stones
809.964 568.171 838.077 571.048 stones
838.077 571.048 865.343 579.283 stones
865.343 579.283 890.908 592.782 stones
890.908 592.782 910.822 608.47 stones
910.822 608.47 928.325 627.895 stones
928.325 627.895 942.88 650.998 stones
942.88 650.998 953.951 677.72 stones
953.951 677.72 961 708 stones
961 708 1026 1116 stones
1026 1116 1727 1116 grass
1727 1116 1727 0 grass
1727 0 1659 53 grass
1659 53 1671 146 grass
1671 146 1643 168 grass
H 1643 168 1547 167 grass
1547 167 1520 135 grass
1520 135 1457 132 grass
1457 132 1415 201 grass
1415 201 1303 201 grass
1303 201 1282 176 grass
1282 176 1245 175 grass
1245 175 1300 261 grass
1300 261 1519 329 grass
1519 329 1604 471 grass
1604 471 1608 583 grass
1608 583 1476 566 grass
1476 566 1356 603 grass
1356 603 1282 563 grass
1282 563 1144 581 grass
1144 581 1107 557 grass
1107 557 1091 568 grass
1091 568 1059 556 grass
1059 556 993 573 grass
993 573 954 480 grass
954 480 926 476 grass
926 476 915 495 grass
915 495 667 497 sand
667 497 652 476 grass
652 476 617 475 grass
617 475 635 620 grass
635 620 442 618 grass
442 618 441 658 grass
441 658 525 674 grass
525 674 583 754 grass
583 754 573 869 grass
573 869 476 928 grass
476 928 179 924 grass
179 924 104 727 grass
104 727 144 257 grass
T 144 257 28 249 grass
28 249 30 129 grass
: colordev 207 163 0 255 14 1
532 303 615 247 grass
615 247 592.212 234.192 grass
592.212 234.192 569.903 219.332 grass
569.903 219.332 550.047 202.457 grass
550.047 202.457 533.687 181.525 grass
533.687 181.525 526.463 156.644 grass
526.463 156.644 532.775 132.023 grass
532.775 132.023 548.375 111.703 grass
548.375 111.703 567.623 95.5761 grass
567.623 95.5761 589.4 81.56 grass
589.4 81.56 611.732 69.6164 grass
611.732 69.6164 637.448 57.7376 grass
637.448 57.7376 677 42 grass
677 42 483 2 grass
483 2 391 149 grass
391 149 532 303 grass
: colordev 207 163 0 255 14 1

SPRITE_CACHED
