T 1671 763 1604 1024
1604 1024 1359 1015
1359 1015 1441 823
1441 823 1303 814
1303 814 1296 701
1296 701 1350 683
1350 683 1347 644
1347 644 1283 644
1283 644 1280 589
1280 589 1343 581
1343 581 1339 545
1339 545 1275 540
1275 540 1064 664
1064 664 1038.8 665.08
1038.8 665.08 994 651
994 651 974.071 634.986
974.071 634.986 958.72 614.52
958.72 614.52 948 583
948 583 945.048 557.916
945.048 557.916 945.997 532.622
945.997 532.622 951.388 507.245
951.388 507.245 965 476
965 476 977.479 454.386
977.479 454.386 1009 434
1009 434 1094 422
1094 422 1082 372
1082 372 1055.89 370.544
1055.89 370.544 1030.88 370.724
1030.88 370.724 1004.9 373.316
1004.9 373.316 980.163 379.616
980.163 379.616 954 396
954 396 916 495
916 495 897 592
897 592 926 684
926 684 1008 718
1008 718 1094 719
1094 719 1154 662
1154 662 1202 635
1202 635 1203 708
1203 708 1149 797
1149 797 1166 881
1166 881 1194 978
1194 978 1222 1040
1222 1040 1314 1060
1314 1060 1412 1064
1412 1064 1481 1064
1481 1064 1700 1039
1700 1039 1702 867
1702 867 1701 710
1701 710 1678 546
1678 546 1611 541
1611 541 1606 588
1606 588 1662 589
1662 589 1656 640
1656 640 1605 644
1605 644 1600 689
1600 689 1655 693
1655 693 1640 722
1640 722 1595 719
1595 719 1671 763
:
998 315 1094 319
1094 319 1135 346
1135 346 1149 383
1149 383 1146 432
1146 432 1113 458
1113 458 1062 474
1062 474 1019 473
1019 473 1020 503
1020 503 1110 492
1110 492 1161 468
1161 468 1190 422
1190 422 1187 359
1187 359 1167 323
1167 323 1115 288
1115 288 1045 273
1045 273 965 275
965 275 998 315
:
949 392 814 437
814 437 793 438
793 438 751 438
751 438 728.515 427.038
728.515 427.038 707.229 413.008
707.229 413.008 688.739 396.112
688.739 396.112 670 370
670 370 583 355
583 355 514 352
514 352 503 386
503 386 743 486
743 486 924 441
924 441 949 392
:
469 416 306 605
306 605 215 611
215 611 188.996 610.883
188.996 610.883 163.221 607.357
163.221 607.357 138.228 601.355
138.228 601.355 113.086 593.204
113.086 593.204 85 582
85 582 84 646
84 646 230 681
230 681 343 673
343 673 428 595
428 595 502 461
502 461 469 416
:
H 195 823 16 821
16 821 0 566
0 566 0 1015
0 1015 247 1011
247 1011 277 798
277 798 233 784
233 784 195 823
:
